0
0
0
0
0
0
0
0
0
0
0
0
0
0
0
0
0
0
0
0
0
0
0
0
0
0
0
0
0
0
0
0
0
0
0
0
0
0
0
0
0
0
0
0
0
0
0
0
0
0
0
0
0
0
0
0
0
0
0
0
0
0
0
0
0
0
0
0
0
0
0
0
0
0
0
0
0
0
0
0
0
0
0
0
0
0
0
0
0
0
0
0
0
0
0
0
0
0
0
0
0
0
0
0
0
0
0
0
0
0
0
0
0
0
0
0
0
0
0
0
0
0
0
0
0
0
0
0
0
0
0
0
127
255
255
128
0
0
0
0
0
0
0
0
0
0
0
1
255
255
0
126
0
0
0
0
0
0
0
0
0
0
0
7
255
248
0
3
128
0
0
0
0
0
0
0
0
0
0
63
255
128
0
0
96
0
0
0
0
0
0
0
0
0
31
231
255
0
0
0
24
0
0
0
0
0
0
0
0
0
48
15
255
0
0
0
7
0
0
0
0
0
0
0
0
0
96
31
224
0
0
0
1
192
0
0
0
0
0
0
0
0
96
28
63
248
0
0
0
96
0
0
0
0
0
0
0
0
112
1
255
254
0
0
15
176
0
0
0
0
0
0
0
0
248
1
255
255
192
0
127
248
0
0
0
0
0
0
0
0
248
1
255
255
224
15
255
246
0
0
0
0
0
0
0
1
184
3
255
255
248
63
255
255
0
0
0
0
0
0
0
3
224
3
255
255
252
63
255
255
192
0
0
0
0
0
0
1
0
0
255
255
254
63
255
255
96
0
0
0
0
0
0
2
0
0
31
255
255
255
255
255
240
0
0
0
0
0
0
2
0
0
7
255
255
191
255
255
236
0
0
0
0
0
0
6
0
0
0
255
255
223
255
255
246
0
0
0
0
0
0
4
0
0
3
255
255
207
255
255
227
128
0
0
0
0
0
4
0
0
2
15
255
239
255
255
224
240
0
0
0
0
0
12
0
0
6
3
255
231
255
255
128
30
0
0
0
0
0
8
126
0
4
0
127
243
255
254
0
3
128
0
0
0
0
8
126
0
4
32
1
241
255
248
0
0
224
0
0
0
0
8
255
30
4
52
0
1
255
224
0
0
48
0
0
0
0
8
241
143
196
28
0
0
127
0
0
0
8
0
0
0
0
12
219
143
252
0
0
0
0
0
0
0
4
0
0
0
0
6
193
128
231
0
0
0
96
0
0
0
6
0
0
0
0
1
229
128
61
192
0
0
48
0
0
0
3
0
0
0
0
0
203
128
7
248
0
0
2
128
0
0
7
0
0
0
0
0
255
128
4
127
0
0
0
64
0
0
7
128
0
0
0
0
255
128
4
15
240
0
0
32
0
0
10
128
0
0
0
0
127
112
8
3
220
0
0
8
0
0
10
128
0
0
0
0
8
28
8
0
119
128
0
0
0
0
206
192
0
0
0
0
0
3
128
0
15
240
0
0
0
1
76
192
0
0
0
0
0
0
240
0
0
0
0
0
48
1
64
128
0
0
0
0
0
0
30
0
0
0
0
0
46
1
192
128
0
0
0
0
0
0
3
192
0
0
15
0
49
240
2
192
0
0
0
0
0
0
0
56
0
0
127
192
28
48
15
64
0
0
0
0
0
0
0
15
0
0
255
224
15
192
127
64
0
0
0
0
0
0
0
1
248
1
254
240
0
0
255
64
0
0
0
0
0
0
0
0
15
131
244
248
0
1
255
192
0
0
0
0
0
0
0
0
0
227
150
121
88
127
255
128
0
0
0
0
0
0
0
0
0
59
131
57
80
255
255
0
0
0
0
0
0
0
0
0
0
13
224
121
80
255
246
0
0
0
0
0
0
0
0
0
0
1
138
121
88
127
248
0
0
0
0
0
0
0
0
0
0
1
145
121
72
56
48
0
0
0
0
0
0
0
0
0
0
1
211
248
0
0
192
0
0
0
0
0
0
0
0
0
0
0
253
255
0
3
0
0
0
0
0
0
0
0
0
0
0
0
255
224
224
254
0
0
0
0
0
0
0
0
0
0
0
0
60
0
63
128
0
0
0
0
0
0
0
0
0
0
0
0
0
0
0
0
0
0
0
0
0
0
0
0
0
0
0
0
0
0
0
0
0
0
0
0
0
0
0
0
0
0
0
0
0
0
0
0
0
0
0
0
0
0
0
0
0
0
0
0
0
0
0
0
0
0
0
0
0
0
0
0
0
0
0
0
0
0
0
0
0
0
0
0
0
0
0
0
0
0
0
0
0
0
0
0
0
0
0
0
0
0
0
0
0
0
0
0
0
0
0
0
0
0
0
0
