0
0
0
0
0
0
0
0
0
0
0
204
0
0
0
0
0
0
0
0
0
0
0
0
0
0
1
200
0
0
0
0
0
0
0
0
0
0
0
0
0
0
1
72
0
0
0
6
0
0
0
0
0
0
0
0
0
0
1
72
0
0
0
252
0
0
0
0
0
0
0
0
0
0
1
76
192
1
251
128
0
0
0
0
0
0
0
0
0
0
15
255
192
127
14
0
0
0
0
0
0
0
96
0
0
0
12
0
192
192
0
0
0
0
0
0
0
3
248
0
0
0
6
1
128
192
0
0
0
0
0
0
0
20
14
0
0
0
0
14
0
124
0
0
0
0
0
0
1
64
3
0
0
0
3
240
0
7
224
0
0
0
0
0
168
0
0
192
0
0
0
0
0
0
48
0
0
0
0
58
0
0
0
112
0
0
0
0
0
0
16
0
0
0
3
192
0
0
0
24
0
0
0
0
0
0
48
0
0
0
31
0
0
0
0
6
0
0
0
0
0
0
224
0
0
0
49
128
0
0
0
3
0
0
0
0
0
7
128
0
0
1
192
192
0
0
0
1
128
0
0
1
255
252
0
0
0
3
0
64
0
0
0
1
128
0
0
31
0
0
0
0
0
12
0
32
0
0
0
6
128
0
0
96
0
0
0
0
0
48
0
48
0
0
1
248
128
0
1
192
0
0
0
0
0
96
0
28
0
0
15
0
128
0
31
0
0
0
0
0
0
128
0
7
0
0
56
0
192
31
224
0
0
0
0
0
3
128
0
1
192
0
192
1
255
224
0
0
0
0
0
0
7
248
0
0
112
7
0
15
0
0
1
0
0
0
0
0
4
15
192
0
24
12
0
125
0
0
3
128
0
0
0
0
4
0
127
192
12
48
1
197
0
0
2
128
0
0
0
0
7
0
0
126
7
192
62
68
128
0
2
128
0
0
0
0
1
224
0
1
227
0
244
70
128
0
6
128
0
0
0
0
225
31
0
0
63
3
164
66
128
0
4
64
0
0
0
0
63
139
255
0
1
141
34
66
128
0
4
64
0
0
0
0
0
137
99
255
254
121
34
66
128
251
252
64
0
0
0
0
0
153
66
130
135
225
34
66
255
129
204
32
0
0
0
0
0
145
66
130
130
33
34
66
129
225
92
32
0
0
0
0
1
145
66
130
131
33
34
67
131
243
119
32
0
0
0
0
1
49
66
130
129
33
34
64
6
63
231
254
0
0
0
0
1
33
66
130
129
33
34
64
4
14
127
35
240
0
0
0
1
34
66
130
129
33
35
64
8
35
97
32
28
0
0
0
1
162
66
130
129
33
33
128
27
111
80
192
3
128
0
0
15
34
66
130
129
33
32
0
55
203
208
128
0
224
0
0
57
38
66
130
65
33
32
0
229
146
80
0
0
48
0
0
225
36
66
130
65
34
32
15
134
226
144
0
0
28
0
0
253
36
66
130
65
34
32
24
8
131
144
0
0
3
0
0
15
231
194
130
65
34
192
96
106
131
16
0
0
0
224
0
0
240
3
131
193
35
129
129
204
131
144
0
0
0
56
0
0
28
0
3
1
160
7
0
200
204
176
0
0
0
7
128
0
3
240
0
0
224
12
13
104
88
96
0
0
0
0
208
192
0
31
255
0
0
16
35
76
120
64
0
0
0
0
108
112
0
0
0
255
248
96
130
69
112
64
0
0
0
0
55
6
170
84
0
0
7
193
3
198
192
0
0
0
0
0
1
0
0
1
104
0
3
248
2
75
64
0
0
0
0
0
0
0
0
0
5
0
6
39
254
115
192
0
0
0
0
0
0
29
0
0
0
120
24
32
15
198
192
0
0
0
0
0
0
1
216
0
0
7
176
32
2
76
192
0
0
0
0
0
0
120
3
208
0
0
248
16
62
120
128
0
0
0
0
0
0
7
128
7
255
127
120
16
230
96
128
0
0
0
0
0
0
0
240
0
0
0
63
147
135
192
0
0
0
0
0
0
0
0
15
0
0
0
24
254
7
0
0
0
0
0
0
0
0
0
1
254
0
0
24
8
25
128
0
0
0
0
0
0
0
255
0
3
253
128
24
8
48
128
0
0
0
0
0
0
0
0
236
0
0
95
152
12
64
128
0
0
0
0
0
0
0
0
3
254
0
0
8
4
192
0
0
0
0
0
0
0
0
0
0
3
248
0
8
3
128
0
0
0
0
0
0
0
0
0
0
0
15
107
221
191
0
0
0
0
0
0
0
0
0
0
0
0
0
0
0
0
0
0
0
0
0
0
0
0
0
0
0
0
0
0
0
0
0
0
0
0
0
0
0
0
0
