0
0
0
0
0
0
0
0
0
0
0
0
0
0
0
0
0
0
0
0
0
0
0
0
0
0
0
0
0
0
0
0
0
0
0
0
0
0
0
0
0
0
0
0
0
0
0
0
0
0
0
0
0
0
0
0
0
0
0
0
0
0
0
0
0
0
0
0
0
0
0
0
0
0
0
0
0
0
0
0
0
0
7
224
1
224
0
0
0
0
0
0
0
0
0
0
0
0
12
56
14
63
248
0
0
0
0
0
0
0
0
0
0
0
24
7
248
4
15
63
192
0
0
0
0
0
0
0
0
0
112
0
0
0
1
224
63
0
0
0
0
0
0
0
0
0
48
3
192
0
0
102
131
224
0
0
0
0
0
0
0
0
24
0
96
14
0
56
0
40
0
0
0
0
0
0
0
0
12
0
224
4
0
14
0
4
0
0
0
0
0
0
0
0
4
0
224
15
0
7
128
3
0
0
0
0
0
0
0
0
4
0
32
11
0
4
112
1
192
0
0
0
0
0
0
0
6
0
48
24
0
12
28
0
96
0
0
0
0
0
0
0
2
0
16
48
0
8
3
128
48
0
0
0
0
0
0
0
1
0
16
32
0
8
0
224
16
0
0
0
0
0
0
0
1
128
16
32
0
8
0
0
16
0
0
0
0
0
0
0
0
128
16
32
0
8
0
0
16
0
0
0
0
0
0
0
0
128
0
32
0
24
0
0
24
0
0
0
0
0
0
0
0
192
0
48
0
0
0
0
8
0
0
0
0
0
0
0
0
64
32
0
0
16
0
0
8
0
0
0
0
0
0
0
0
112
96
39
128
32
0
0
8
0
0
0
0
0
0
0
0
28
96
20
224
32
0
0
8
0
0
0
0
0
0
0
0
4
236
20
48
96
0
0
8
0
0
0
0
0
0
0
0
7
88
60
24
64
0
0
8
0
0
0
0
0
0
0
0
0
88
56
14
64
0
0
24
0
0
0
0
0
0
0
0
0
144
40
1
128
0
0
16
0
0
0
0
0
0
0
0
0
176
104
0
0
0
0
16
0
0
0
0
0
0
0
0
0
176
112
0
0
64
128
32
0
0
0
0
0
0
0
0
0
240
64
0
0
67
192
32
0
0
0
0
0
0
0
0
0
80
64
0
0
78
192
32
0
0
0
0
0
0
0
0
0
80
132
0
0
113
160
32
0
0
0
0
0
0
0
0
0
80
142
0
131
192
32
96
0
0
0
0
0
0
0
0
0
80
138
0
252
65
32
64
0
0
0
0
0
0
0
0
0
96
137
0
128
65
0
64
0
0
0
0
0
0
0
0
0
97
145
0
128
65
16
64
0
0
0
0
0
0
0
0
0
33
1
0
0
65
0
192
0
0
0
0
0
0
0
0
0
33
17
0
128
65
16
128
0
0
0
0
0
0
0
28
0
35
17
0
128
97
0
128
0
0
0
0
0
0
0
100
0
34
33
0
0
33
16
128
0
0
0
0
0
0
1
130
0
34
33
0
128
49
19
128
0
0
0
0
0
0
1
3
0
98
33
0
128
31
28
0
0
0
0
0
0
0
1
129
0
66
65
0
128
0
0
0
0
0
0
0
0
0
0
225
128
132
65
0
128
0
0
0
0
0
0
0
0
0
0
48
193
4
65
0
128
0
0
0
0
0
0
0
0
0
0
16
115
8
129
128
128
0
0
0
0
0
0
0
0
0
0
8
30
88
129
113
128
0
0
0
0
0
0
0
0
0
0
8
0
62
129
29
0
0
0
0
0
0
0
0
0
0
0
7
0
79
129
193
0
0
0
0
0
0
0
0
0
0
0
0
240
192
0
126
0
0
0
0
0
0
0
0
0
0
0
0
31
128
0
0
0
0
0
0
0
0
0
0
0
0
0
0
0
0
0
0
0
0
0
0
0
0
0
0
0
0
0
0
0
0
0
0
0
0
0
0
0
0
0
0
0
0
0
0
0
0
0
0
0
0
0
0
0
0
0
0
0
0
0
0
0
0
0
0
0
0
0
0
0
0
0
0
0
0
0
0
0
0
0
0
0
0
0
0
0
0
0
0
0
0
0
0
0
0
0
0
0
0
0
0
0
0
0
0
0
0
0
0
0
0
0
0
0
0
0
0
0
0
0
0
0
0
0
0
0
0
0
0
0
0
0
0
0
0
0
0
0
0
0
0
0
0
0
0
0
0
0
0
0
0
0
0
0
0
0
0
0
0
0
0
0
0
0
0
0
0
0
0
0
0
0
0
0
0
0
0
0
0
0
0
0
0
0
0
0
0
0
0
0
0
0
0
0
0
0
0
0
0
0
0
0
