0
0
0
0
0
0
0
0
0
0
0
0
0
0
0
0
0
0
0
0
0
0
0
0
0
0
0
0
0
0
0
0
0
0
0
0
0
0
0
0
0
0
0
0
0
0
0
0
0
0
0
0
0
0
0
0
0
0
0
0
0
2
0
0
0
0
0
0
0
0
0
0
0
0
0
0
0
0
68
0
0
0
0
0
0
0
0
0
0
0
0
0
17
128
0
0
0
0
0
0
0
0
0
0
0
0
0
2
0
0
0
0
0
0
0
0
0
0
0
0
0
0
0
0
0
0
0
64
0
0
0
0
0
0
0
0
0
0
0
0
1
32
0
0
0
0
0
0
0
0
0
0
0
0
0
0
0
0
0
0
0
0
0
0
0
0
0
0
16
0
0
0
0
0
0
64
0
0
0
0
0
0
0
0
0
32
0
0
0
0
0
0
0
0
0
0
0
0
0
0
0
4
0
0
0
64
0
0
0
0
0
0
0
0
1
32
128
0
160
0
0
0
0
16
0
0
0
0
0
128
0
0
128
0
34
0
0
0
0
0
0
0
0
0
0
0
0
16
0
1
0
128
16
64
0
0
0
0
0
0
0
0
68
64
4
128
0
0
32
160
0
0
0
0
0
32
0
128
0
40
1
4
32
32
0
0
2
0
0
0
8
0
0
130
0
4
1
4
40
0
0
0
0
64
0
0
32
0
1
128
0
0
0
0
0
0
8
0
4
128
0
0
45
0
1
0
2
0
8
0
0
16
0
0
0
0
0
1
32
128
1
0
0
2
128
0
0
0
8
128
0
0
0
0
65
64
32
0
0
8
0
0
0
0
0
0
0
0
0
4
64
216
0
5
0
0
0
0
1
32
4
0
0
0
0
1
0
0
1
128
0
4
0
0
0
0
0
8
1
0
0
0
128
8
0
0
0
0
8
0
128
0
1
0
0
0
0
0
129
4
0
65
16
0
2
4
0
0
8
32
32
0
0
2
0
0
1
32
8
0
8
0
0
2
0
0
0
0
0
0
0
4
0
0
0
0
32
32
0
0
9
0
0
64
0
0
192
8
1
0
0
0
0
0
0
0
0
0
0
0
0
0
0
0
1
129
0
0
0
0
0
2
1
0
0
32
0
1
0
4
0
0
0
0
0
0
1
0
0
0
0
0
0
0
128
0
0
33
144
0
0
2
0
0
0
0
0
0
0
0
160
0
128
64
32
0
0
0
0
16
8
0
0
0
0
0
0
0
0
0
0
0
0
2
0
0
68
0
0
0
0
2
0
0
16
0
0
0
1
8
0
2
0
128
0
16
0
1
0
0
8
0
0
0
0
0
64
0
8
0
0
0
0
0
32
0
0
0
0
1
0
1
0
0
0
0
0
0
0
0
0
0
3
32
128
0
4
0
0
0
0
0
0
0
0
1
32
0
8
128
8
0
4
0
0
32
16
0
0
32
0
0
0
0
4
128
42
0
65
2
0
16
0
128
0
0
0
0
0
0
0
64
6
0
0
0
48
0
2
0
0
0
0
0
0
0
2
0
4
2
64
0
0
64
8
0
2
32
0
1
0
0
1
0
1
16
0
0
0
0
25
40
16
0
0
0
192
0
0
128
0
1
0
0
4
128
2
1
0
0
0
0
0
0
0
0
0
0
4
0
8
0
8
0
0
0
0
0
0
0
1
128
0
66
0
0
0
16
0
0
0
0
0
1
0
0
0
160
0
16
0
0
0
0
0
0
0
0
0
0
0
0
0
0
0
0
64
0
0
0
0
0
0
0
0
0
64
0
0
0
0
0
0
0
4
0
0
0
0
0
0
0
128
0
0
0
0
0
0
0
0
0
0
0
0
0
0
0
0
0
0
0
0
0
0
0
0
0
0
0
0
0
0
0
0
0
0
0
0
0
0
0
0
0
0
0
0
0
0
0
0
0
0
0
0
0
0
0
0
0
0
0
0
0
0
0
0
0
0
0
0
0
0
0
0
0
0
0
0
0
0
0
0
0
0
0
0
0
0
0
0
0
0
0
0
0
0
0
0
0
0
0
0
0
0
0
0
0
0
0
0
0
0
0
0
0
0
0
0
0
0
0
0
0
0
0
0
0
0
0
0
0
0
0
0
0
0
0
0
0
0
0
0
0
0
0
0
0
0
0
0
0
0
0
0
0
0
0
0
0
0
0
0
0
0
0
0
0
0
0
0
0
0
0
0
0
0
0
0
0
0
0
0
0
0
0
0
0
0
0
0
0
0
0
0
0
0
0
0
0
0
0
0
0
0
0
0
0
0
0
0
0
0
0
0
0
0
0
0
0
0
0
0
0
