0
0
0
0
0
0
0
0
0
0
0
0
0
0
0
0
0
0
0
0
0
0
0
0
0
0
0
0
0
0
0
0
0
0
0
0
0
0
0
0
0
0
0
0
0
0
0
0
0
31
192
0
0
0
0
0
0
0
31
247
143
127
227
252
0
63
224
0
0
0
0
0
0
0
31
247
143
127
255
255
0
60
240
0
16
0
0
0
0
0
31
247
143
120
255
15
0
63
231
224
16
0
0
0
0
0
31
247
143
127
239
15
0
31
192
0
16
0
0
0
0
0
30
7
143
127
207
15
0
0
0
0
16
0
0
0
0
0
31
255
254
121
231
254
0
0
0
0
16
0
0
0
0
0
31
249
252
120
241
248
0
28
0
0
16
0
0
0
0
0
0
0
0
0
0
0
0
62
0
0
16
0
0
0
0
0
0
0
0
0
0
0
0
63
224
0
16
2
0
0
0
0
0
0
0
0
0
0
0
31
227
252
16
14
0
0
0
0
0
0
0
0
0
0
0
0
0
0
16
31
248
0
64
0
0
0
0
0
0
0
0
0
0
63
240
31
247
254
64
0
0
0
0
0
0
0
0
0
0
0
0
15
224
0
64
0
0
0
0
0
0
0
0
7
0
0
0
0
0
0
64
0
0
0
0
0
0
0
0
31
224
63
240
0
0
0
64
0
0
0
0
0
0
0
0
31
128
0
16
3
128
0
127
255
255
240
0
0
0
255
0
31
128
0
16
15
240
0
64
0
0
16
0
0
0
127
0
31
239
252
16
31
240
0
64
192
0
16
0
0
0
7
0
7
128
0
16
31
248
0
71
248
0
16
0
0
0
143
0
7
128
0
16
31
247
255
79
252
0
16
0
0
1
135
0
31
224
0
16
7
192
111
207
252
0
16
0
0
1
135
0
63
240
0
16
0
0
0
7
251
255
208
0
0
1
159
0
63
240
0
16
0
0
0
1
224
0
16
0
0
1
255
0
31
239
255
16
0
0
0
0
0
0
16
0
0
3
255
0
7
0
0
16
0
0
0
0
0
0
16
0
0
3
255
0
0
0
0
0
0
0
0
0
0
0
16
0
0
3
255
0
0
0
0
0
0
0
0
0
0
0
16
0
0
3
255
0
0
0
0
0
0
0
0
0
0
0
16
0
0
3
255
0
30
224
63
240
0
0
0
0
0
0
16
0
0
3
255
0
63
240
0
16
0
0
0
0
0
0
16
254
0
1
255
0
63
240
0
16
0
0
0
0
0
0
17
255
0
1
247
0
31
239
224
16
0
0
0
0
0
0
19
255
128
1
192
0
7
0
0
16
0
0
0
0
0
0
17
255
127
224
193
0
3
0
0
16
0
0
0
0
0
0
16
254
0
0
99
0
15
0
0
16
15
112
0
0
0
0
16
0
0
0
31
0
31
0
0
16
31
240
0
0
192
0
16
0
0
0
15
0
63
247
252
16
31
248
127
195
252
0
16
0
0
0
7
0
31
7
127
16
15
247
240
71
254
0
16
0
0
0
7
0
7
0
0
16
3
128
0
71
252
0
16
0
0
0
15
0
0
0
0
0
0
0
0
67
248
252
16
0
0
0
15
0
0
0
0
0
0
0
0
64
0
0
16
0
0
0
63
0
3
0
63
240
3
192
0
127
255
255
240
0
0
31
255
0
31
224
0
16
15
240
0
64
0
0
0
0
0
31
255
0
30
0
0
16
31
248
0
64
0
0
0
0
0
31
255
0
28
0
0
16
31
248
0
64
0
0
0
0
0
0
0
0
31
231
252
16
15
247
252
64
0
0
0
0
0
0
0
0
15
128
0
16
3
128
0
64
0
0
0
0
0
0
0
0
3
0
0
16
0
0
0
0
0
0
0
0
0
0
0
0
31
224
0
16
0
0
0
0
0
0
0
0
0
0
0
0
63
240
0
16
0
0
0
0
0
0
0
0
0
0
0
0
63
240
0
16
0
0
0
0
0
0
0
0
0
0
0
0
31
239
252
16
0
0
0
0
0
0
0
0
0
0
0
0
7
128
63
224
0
0
0
0
0
0
0
0
0
0
0
0
0
0
0
0
0
0
0
0
0
0
0
0
0
0
0
0
0
0
0
0
0
0
0
0
0
0
0
0
0
0
0
0
0
0
0
0
0
0
0
0
0
0
0
0
0
0
0
0
0
0
0
0
0
0
0
0
0
0
0
0
0
0
0
0
0
0
0
0
0
0
0
0
0
0
0
0
0
0
0
0
0
0
0
0
0
0
0
0
0
0
0
0
0
0
0
0
0
0
0
0
0
0
0
0
0
0
0
0
0
0
0
