0
116
101
115
116
0
0
0
0
0
0
0
0
0
0
0
0
0
0
0
0
0
0
0
0
0
0
0
0
0
0
0
0
0
0
0
0
0
0
0
0
0
0
0
0
0
0
0
0
0
0
0
0
0
0
0
0
0
0
0
0
0
0
0
0
0
0
0
0
0
0
0
0
0
0
0
0
0
0
0
0
0
0
0
0
0
0
0
0
0
0
0
0
0
0
0
0
0
0
0
0
127
7
8
64
0
0
0
32
0
32
32
0
0
0
0
0
32
24
8
96
16
0
0
0
0
31
224
0
0
0
0
0
63
224
8
48
16
0
0
0
0
0
0
0
0
0
0
0
96
0
8
40
16
0
0
0
0
0
0
0
0
0
8
0
224
0
8
46
24
0
0
0
0
0
0
64
0
0
0
0
184
0
8
65
140
0
0
0
0
0
0
0
0
32
0
1
228
0
9
128
127
128
0
0
0
0
0
0
0
0
0
2
68
0
14
0
2
128
0
0
0
0
0
0
8
0
0
4
68
0
15
0
11
128
0
0
0
0
0
0
0
0
16
16
68
0
0
128
9
128
0
0
0
32
0
0
0
64
0
32
126
0
8
192
9
96
1
0
0
0
0
0
0
0
0
224
113
0
16
64
9
24
0
0
0
0
0
0
0
0
0
224
80
128
0
64
17
12
0
0
127
0
1
0
0
0
0
240
80
64
16
64
31
7
0
0
0
0
0
0
0
0
0
144
80
64
23
128
17
134
192
0
0
0
0
0
0
0
1
156
112
128
63
0
16
133
112
0
0
0
0
0
0
64
1
2
65
128
25
192
16
133
158
0
0
0
0
0
0
0
1
1
254
0
24
96
16
132
143
128
0
0
0
0
0
0
2
0
99
0
24
32
16
132
65
120
4
0
0
0
127
0
2
0
113
128
24
32
17
132
49
131
156
0
64
0
0
0
4
0
72
128
56
32
19
4
12
64
124
0
0
0
0
0
12
0
72
128
56
224
22
4
3
48
232
0
0
0
0
0
8
0
73
128
63
0
31
12
0
193
152
0
0
0
0
0
16
0
113
0
27
128
17
136
0
114
208
0
0
0
0
0
32
0
67
0
24
192
16
152
1
254
32
0
0
0
0
0
127
240
127
0
24
64
16
208
14
12
64
0
0
0
0
0
64
14
76
0
24
67
144
96
120
24
128
0
0
0
0
0
68
1
196
0
24
127
208
127
192
19
0
0
0
0
0
0
127
196
76
0
40
96
80
192
0
62
0
0
0
0
0
0
68
92
120
0
40
127
247
255
255
252
0
0
0
0
0
0
255
255
192
0
121
214
94
0
0
16
31
254
0
0
0
0
128
3
64
0
95
64
127
0
0
48
112
7
224
0
0
0
140
97
252
0
120
65
192
128
0
39
192
0
63
0
255
0
140
96
7
255
255
254
0
128
1
120
12
0
1
192
25
192
192
15
255
192
0
0
60
247
254
192
128
0
0
96
20
96
127
248
0
63
255
255
224
64
0
129
0
0
0
56
10
16
96
0
0
0
0
0
1
80
1
128
0
0
0
6
13
12
32
0
0
0
0
0
1
80
3
0
127
0
0
3
31
67
56
0
0
0
0
0
1
240
2
0
0
0
0
0
6
161
252
2
224
0
0
0
0
0
6
0
9
248
0
0
1
22
13
255
15
255
255
255
248
0
24
0
129
128
213
0
66
128
7
255
240
0
0
3
135
239
253
132
2
20
0
0
80
192
0
0
0
0
65
32
32
0
18
8
0
48
0
0
64
72
4
0
13
115
128
8
64
14
226
0
17
64
80
0
127
15
192
129
5
128
0
128
0
96
127
192
64
0
0
0
6
56
63
209
252
68
27
151
152
26
72
192
0
4
0
0
43
192
34
96
0
0
9
0
0
1
244
64
7
255
0
0
9
47
149
0
121
113
95
34
140
15
209
128
248
1
128
0
4
40
0
1
15
69
6
171
0
24
12
65
133
64
96
0
4
78
0
43
107
0
244
184
0
64
227
230
24
24
48
0
4
64
187
210
127
85
1
16
0
166
167
108
128
0
16
0
5
64
3
41
121
96
15
134
237
36
1
111
0
6
24
0
2
32
3
212
96
0
20
27
48
3
24
135
0
1
134
0
1
192
34
0
0
16
133
214
4
7
110
128
0
0
193
0
1
224
60
0
1
128
114
66
22
208
155
128
0
0
64
192
0
23
128
0
0
0
240
0
2
86
96
0
0
0
32
0
0
0
128
0
247
0
128
0
128
7
2
6
9
10
4
9
8
1
4
0
0
0
0
0
0
0
0
0
0
0
0
